id timestamp prob type amp event_index gamma_score
CI.COA. 2020 10 01 00 02 37 0.84346366 S 1.40827140681749e-09 2 0.0355915126541008
CI.CRR. 2020 10 01 00 00 42 0.6710862 S 4.372849790027209e-09 1 0.0660410412206748
CI.CRR. 2020 10 01 00 01 44 0.3736214 S 9.295987225595852e-09 4 0.0082478939592909
CI.CRR. 2020 10 01 00 02 04 0.28870472 S 6.551155785465868e-09 0 0.0293633242790929
CI.CRR. 2020 10 01 00 02 33 0.45831308 S 3.0479849505187014e-08 2 0.050486700556578
CI.ERR. 2020 10 01 00 00 39 0.14675307 S 3.117818170868738e-10 1 0.0144825309828168
CI.ERR. 2020 10 01 00 02 01 0.6410648 S 2.9722061885871844e-09 0 0.06422424461626
CI.FRK. 2020 10 01 00 00 42 0.78530383 S 2.4686386976712482e-09 1 0.0773927836437055
CI.IMP. 2020 10 01 00 00 37 0.91843826 S 8.193322233814835e-09 1 0.089221630531528
CI.IMP. 2020 10 01 00 01 13 0.9118312 S 6.432280190475349e-11 3 0.0082478939592909
CI.IMP. 2020 10 01 00 01 58 0.9259397 S 2.4144155725535743e-08 0 0.0011937545025115
CI.IMP. 2020 10 01 00 02 28 0.9140642 S 2.2238097813233266e-07 2 0.0026736438263028
CI.RXH. 2020 10 01 00 01 12 0.353575 S 2.7818643539101664e-08 3 0.0079048671375947
CI.RXH. 2020 10 01 00 01 58 0.49604303 S 4.888397280391648e-08 0 0.0924125935087126
CI.SAL. 2020 10 01 00 02 33 0.18278052 S 2.3952869556229143e-08 2 0.0274207469837298
CI.SGL. 2020 10 01 00 00 42 0.20621727 S 8.892857348226583e-09 1 0.0660889209945125
CI.SGL. 2020 10 01 00 01 20 0.4930489 S 2.037351659531126e-09 3 0.0209805328684057
CI.SGL. 2020 10 01 00 01 36 0.12314443 S 1.905681611331204e-09 4 0.0079048671375947
CI.SGL. 2020 10 01 00 02 05 0.27594218 S 4.281360329933588e-10 0 0.0503329625559444
CI.SGL. 2020 10 01 00 02 36 0.26678264 S 2.5599140422455484e-08 2 0.0080257125824882
CI.SLV. 2020 10 01 00 00 40 0.36901018 S 1.053610403516266e-10 1 0.0200180939107757
CI.SLV. 2020 10 01 00 01 16 0.45726338 S 9.946415730976654e-11 3 0.0023002563089292
CI.SLV. 2020 10 01 00 01 48 0.36622304 S 1.0126896720967152e-09 4 0.0209805328684057
CI.SLV. 2020 10 01 00 02 02 0.6434512 S 6.69717306230337e-10 0 0.0280232675639219
CI.SLV. 2020 10 01 00 02 32 0.7471644 S 2.142846402713801e-09 2 0.0061759680562438
CI.SNR. 2020 10 01 00 01 16 0.3520265 S 1.012898918673302e-07 3 0.0079694386279165
CI.SNR. 2020 10 01 00 02 31 0.849551 S 8.552964760991138e-08 2 0.0514274614030695
CI.BOM. 2020 10 01 00 02 27 0.7082386 P 9.78131498541254e-10 2 0.0229219294377354
CI.COA. 2020 10 01 00 01 15 0.847014 P 8.200865084903028e-09 3 0.001611750179034
CI.COA. 2020 10 01 00 01 31 0.6758496 P 6.37433266623835e-09 4 0.0023002563089292
CI.COA. 2020 10 01 00 02 30 0.86506456 P 4.325342747772313e-09 2 0.0070894195135693
CI.CRR. 2020 10 01 00 00 36 0.80718005 P 1.493984221121905e-09 1 0.009138088502857
CI.CRR. 2020 10 01 00 01 13 0.87186027 P 1.912030645593174e-09 3 0.0139129535560355
CI.CRR. 2020 10 01 00 01 59 0.6773619 P 2.6733048288670343e-11 0 0.0636577576964279
CI.CRR. 2020 10 01 00 02 28 0.80116826 P 1.0499599038597021e-08 2 0.0548304931958542
CI.ERR. 2020 10 01 00 01 56 0.304233 P 1.1331082971210722e-08 0 0.0684161879665291
CI.ERR. 2020 10 01 00 02 26 0.931647 P 2.0291306814304072e-08 2 0.0064801926756916
CI.FRK. 2020 10 01 00 00 36 0.8988063 P 1.3946592034364455e-09 1 0.0362579493924753
CI.FRK. 2020 10 01 00 01 12 0.40096533 P 1.7364466568356352e-09 3 0.0079336972038501
CI.FRK. 2020 10 01 00 01 39 0.27632913 P 5.396994377826816e-10 4 0.0079694386279165
CI.FRK. 2020 10 01 00 01 59 0.17533253 P 2.3179173631925351e-10 0 0.0306688935444532
CI.FRK. 2020 10 01 00 02 27 0.96767104 P 3.231036741967641e-09 2 0.0032918447981575
CI.IMP. 2020 10 01 00 01 10 0.97389174 P 3.976886786565278e-08 3 0.0012207198932464
CI.IMP. 2020 10 01 00 01 55 0.947629 P 2.613379373686269e-09 0 0.0423626396665638
CI.RXH. 2020 10 01 00 01 10 0.11379355 P 2.2184947896449623e-08 3 0.0187544533735277
CI.RXH. 2020 10 01 00 01 35 0.49651816 P 2.3801304357366228e-08 4 0.001611750179034
CI.SAL. 2020 10 01 00 00 38 0.11744124 P 3.8229724714788506e-09 1 0.0110852885446401
CI.SAL. 2020 10 01 00 02 29 0.9390912 P 6.02591326125408e-09 2 0.0368830531097431
CI.SGL. 2020 10 01 00 00 37 0.68603957 P 1.5745539475189424e-09 1 0.0793252035876941
CI.SGL. 2020 10 01 00 01 14 0.7762513 P 5.095746361917748e-09 3 0.0050564817455124
CI.SGL. 2020 10 01 00 01 30 0.24360676 P 1.7668515228279127e-09 4 0.0139129535560355
CI.SGL. 2020 10 01 00 01 59 0.7514171 P 1.3676793092753226e-09 0 0.0178118931655587
CI.SLV. 2020 10 01 00 00 35 0.23423557 P 1.176719939618189e-09 1 0.0883869253795329
CI.SLV. 2020 10 01 00 01 12 0.10242533 P 3.66102471156801e-10 3 0.0613926488834827
CI.SLV. 2020 10 01 00 01 37 0.14023747 P 1.273559771634796e-09 4 0.0079336972038501
CI.SLV. 2020 10 01 00 01 58 0.48730487 P 3.1158194997218887e-10 0 0.0954614164030133
CI.SLV. 2020 10 01 00 02 27 0.7571067 P 2.8508120224224907e-10 2 0.0109512779963128
CI.SNR. 2020 10 01 00 01 57 0.100097604 P 1.8398051126892547e-08 0 0.0551448120763689
CI.SWS. 2020 10 01 00 01 10 0.43486422 P 3.166849269621911e-09 3 0.0072967858256659
CI.SWS. 2020 10 01 00 01 14 0.7313013 S 9.043131686241789e-09 3 0.0039646209000477
CI.SWS. 2020 10 01 00 01 59 0.7216845 S 5.001428001743985e-09 0 0.0761696364694845
CI.SWS. 2020 10 01 00 02 26 0.22870153 P 1.1986703641868795e-08 2 0.0160247379649452
CI.SWS. 2020 10 01 00 02 29 0.5450381 S 9.164386574197276e-09 2 0.0130360651496278
CI.WES. 2020 10 01 00 02 33 0.12650569 S 1.387237338721982e-08 2 0.0447975292772127
CI.WMD. 2020 10 01 00 02 24 0.9079074 S 8.22845537803069e-07 2 0.0099399607094637
CI.YUH2. 2020 10 01 00 00 39 0.910028 P 1.6544770409310528e-10 1 0.0904134934263588
CI.YUH2. 2020 10 01 00 01 15 0.90530854 P 6.464521639539343e-10 3 0.0101758058858866
CI.YUH2. 2020 10 01 00 01 31 0.5674645 P 2.2900918073623364e-09 4 0.0012207198932464
CI.YUH2. 2020 10 01 00 01 38 0.6340884 S 2.5909304332234702e-09 4 0.0187544533735277
CI.YUH2. 2020 10 01 00 02 01 0.90372854 P 6.502259245067193e-10 0 0.0496303368855088
CI.YUH2. 2020 10 01 00 02 08 0.6617383 S 8.898581590778288e-11 0 0.0101710973948694
CI.YUH2. 2020 10 01 00 02 30 0.76398325 P 3.994211559677494e-09 2 0.0036811127774059
CI.YUH2. 2020 10 01 00 02 37 0.6474166 S 7.262515623613598e-09 2 0.0510732853021135
